cosine_lexical_tok2	cosine_lexical_tok3	cosine_lexical_lem3	cosine_syntax_penn_tok3	cosine_syntax_penn_tok2	cosine_syntax_penn_lex2	cosine_syntax_penn_lex3	cosine_lexical_lem2	condition_info
0.251433905249	0.0504550302819	0.0618543553258	0.0	0.0	0.0	0.0	0.320340725583	41_1-1-3.txt
0.516721237901	0.112508136213	0.115131927039	0.0	0.0	0.0	0.0	0.537090067685	16_2-1-2.txt
0.119357202003	0.0484793227699	0.0476686529019	0.0	0.0	0.0	0.0	0.158545732608	9_1-0-3.txt
0.453771141555	0.153860766199	0.160527229309	0.0	0.0	0.0	0.0	0.48736971243	23_2-1-3.txt
0.129427334764	0.023217922684	0.0231753600035	0.0	0.0	0.0	0.0	0.158140731269	5_2-0-2.txt
0.319814221882	0.0603173388035	0.0692211891063	0.0	0.0	0.0	0.0	0.379815964235	17_2-0-2.txt
0.232427655337	0.0312816034678	0.0436424696811	0.0	0.0	0.0	0.0	0.286533445138	40_1-0-3.txt
0.285114922001	0.0563459461449	0.0700264592298	0.0	0.0	0.0	0.0	0.357211899119	8_1-1-3.txt
0.334030496912	0.0876889603378	0.0962231469912	0.0	0.0	0.0	0.0	0.39869785412	4_2-1-3.txt
0.298118780256	0.0471658093551	0.0593506941187	0.0	0.0	0.0	0.0	0.35313471619	36_1-1-2.txt
0.30255826049	0.0462726464692	0.0537749055443	0.0	0.0	0.0	0.0	0.327581719842	3_2-0-2.txt
0.296443055083	0.123013159991	0.126302669966	0.0	0.0	0.0	0.0	0.301741499854	31_1-0-2.txt
0.460010526663	0.140105891512	0.149551232513	0.0	0.0	0.0	0.0	0.501559347815	25_2-1-3.txt
0.289202159452	0.0637001838944	0.0873720020872	0.0	0.0	0.0	0.0	0.364860580376	25_1-0-3.txt
0.394773101149	0.0878034334278	0.113043790386	0.0	0.0	0.0	0.0	0.422732794189	29_2-0-3.txt
0.242333865895	0.0556671608146	0.0617804792427	0.0	0.0	0.0	0.0	0.3114906847	24_2-0-2.txt
0.380324409244	0.107183344788	0.108326956451	0.0	0.0	0.0	0.0	0.420770213227	28_2-1-2.txt
0.386435828278	0.0941968761578	0.103126200652	0.0	0.0	0.0	0.0	0.414315563833	2_2-1-2.txt
0.415944909441	0.124003205678	0.137172841581	0.0	0.0	0.0	0.0	0.460780887818	11_1-1-3.txt
0.339354270673	0.0598272489476	0.0691174747046	0.0	0.0	0.0	0.0	0.370920631476	30_2-0-2.txt
0.455332098063	0.120144385141	0.126559069411	0.0	0.0	0.0	0.0	0.476659624486	30_1-1-3.txt
0.15183691107	0.0239873380274	0.0277922238254	0.0	0.0	0.0	0.0	0.193211764302	24_1-1-3.txt
0.326994876772	0.0884248370359	0.103826751896	0.0	0.0	0.0	0.0	0.416732186497	36_1-0-3.txt
0.257195960344	0.0572002124233	0.0634958317142	0.0	0.0	0.0	0.0	0.303514860608	40_1-1-2.txt
0.285651733947	0.0507897534608	0.0544334404743	0.0	0.0	0.0	0.0	0.311524740428	8_1-0-2.txt
0.326776595198	0.0519146466399	0.055685724907	0.0	0.0	0.0	0.0	0.359662904937	4_2-0-2.txt
0.137608254541	0.00668027198821	0.00445351465881	0.0	0.0	0.0	0.0	0.147962198548	5_2-1-3.txt
0.300787950372	0.066491948512	0.0705981883227	0.0	0.0	0.0	0.0	0.352028627736	41_1-0-2.txt
0.265785368767	0.0902991545242	0.0984106789515	0.0	0.0	0.0	0.0	0.300578846144	37_1-1-2.txt
0.415647057395	0.141722478308	0.14322756249	0.0	0.0	0.0	0.0	0.462765277389	16_2-0-3.txt
0.4303830519	0.184052867067	0.195836475543	0.0	0.0	0.0	0.0	0.464197715552	23_2-0-2.txt
0.45584131566	0.187471282011	0.186458828441	0.0	0.0	0.0	0.0	0.467117267765	9_1-1-2.txt
0.320142968409	0.0786303414909	0.090848968755	0.0	0.0	0.0	0.0	0.35234671665	30_1-0-2.txt
0.276017638507	0.0622657231434	0.0667128678182	0.0	0.0	0.0	0.0	0.304353696937	24_1-0-2.txt
0.291023181645	0.0534680365147	0.0531809577341	0.0	0.0	0.0	0.0	0.306308295647	24_2-1-3.txt
0.376536392113	0.106529188464	0.108444463027	0.0	0.0	0.0	0.0	0.399938806009	2_2-0-3.txt
0.330040749415	0.0909960285358	0.0925356430622	0.0	0.0	0.0	0.0	0.359673937411	28_2-0-3.txt
0.281710545124	0.0480734111699	0.052105048295	0.0	0.0	0.0	0.0	0.283564925056	11_1-0-2.txt
0.413295362425	0.0616181182878	0.0612393367467	0.0	0.0	0.0	0.0	0.433144028243	30_2-1-3.txt
0.318220294923	0.0860542023344	0.123295067302	0.0	0.0	0.0	0.0	0.39014077888	25_1-1-2.txt
0.221610535801	0.0222169276663	0.0238504810371	0.0	0.0	0.0	0.0	0.243687481286	25_2-0-2.txt
0.41132483951	0.102528852801	0.108362618788	0.0	0.0	0.0	0.0	0.437329799635	29_2-1-2.txt
0.356972434716	0.105640902313	0.104377848663	0.0	0.0	0.0	0.0	0.416279204223	3_2-1-3.txt
0.239907872005	0.0882737695541	0.094892840419	0.0	0.0	0.0	0.0	0.282052833463	31_1-1-3.txt
0.300240128175	0.073757871808	0.0776465421461	0.0	0.0	0.0	0.0	0.353796228138	21_2-1-2.txt
0.345156920931	0.0802523534849	0.0867459472217	0.0	0.0	0.0	0.0	0.39519274406	35_1-0-2.txt
0.248336454993	0.0490280393858	0.0623981779998	0.0	0.0	0.0	0.0	0.305313081738	18_1-1-2.txt
0.349008944397	0.112730888681	0.129684162166	0.0	0.0	0.0	0.0	0.360868226015	14_2-1-2.txt
0.446925131364	0.166259064134	0.190244006374	0.0	0.0	0.0	0.0	0.528772978071	7_1-1-3.txt
0.368567984005	0.153369757973	0.152722006558	0.0	0.0	0.0	0.0	0.390594338651	21_1-0-3.txt
0.169632743121	0.023624625309	0.0231608102312	0.0	0.0	0.0	0.0	0.196520916034	34_1-1-2.txt
0.459872424897	0.101371005293	0.104688392203	0.0	0.0	0.0	0.0	0.48067403952	34_2-0-2.txt
0.4402106168	0.102754237806	0.106512949091	0.0	0.0	0.0	0.0	0.45311534264	38_1-0-2.txt
0.231871023617	0.0610442610187	0.0631894097807	0.0	0.0	0.0	0.0	0.257275843999	15_1-1-3.txt
0.279579249877	0.116337261279	0.127771134968	0.0	0.0	0.0	0.0	0.369823741634	15_2-0-2.txt
0.344774853516	0.0681231516621	0.0793182874782	0.0	0.0	0.0	0.0	0.388257657545	19_2-1-2.txt
0.350244001568	0.0725534828583	0.0985105586349	0.0	0.0	0.0	0.0	0.421476252179	19_1-0-2.txt
0.444528231485	0.136667853716	0.133978795152	0.0	0.0	0.0	0.0	0.441521343806	20_2-0-3.txt
0.321527258667	0.0815287285722	0.0953996205453	0.0	0.0	0.0	0.0	0.363737507493	12_1-0-2.txt
0.245501976555	0.0462619717342	0.0486984753558	0.0	0.0	0.0	0.0	0.259828424347	12_2-1-2.txt
0.225856953925	0.0227393885554	0.0261446684004	0.0	0.0	0.0	0.0	0.259533043476	33_1-0-3.txt
0.115586690836	0.0219765415737	0.0216969699446	0.0	0.0	0.0	0.0	0.126643551581	27_1-0-3.txt
0.304778292214	0.0708950288568	0.0753399276078	0.0	0.0	0.0	0.0	0.382458955752	1_2-0-2.txt
0.343174446718	0.0731426360014	0.0847271993609	0.0	0.0	0.0	0.0	0.378651232427	33_2-1-2.txt
0.11810627024	0.0170128838974	0.0212266866639	0.0	0.0	0.0	0.0	0.141893556902	32_2-0-3.txt
0.4162905409	0.116974173193	0.124448931923	0.0	0.0	0.0	0.0	0.450738680522	13_2-0-2.txt
0.355330032644	0.0882692760376	0.0957008390211	0.0	0.0	0.0	0.0	0.406297547386	26_2-0-3.txt
0.27472273958	0.0891561915394	0.0992714694453	0.0	0.0	0.0	0.0	0.312229264532	26_1-1-2.txt
0.318400327785	0.0783410559365	0.081001097594	0.0	0.0	0.0	0.0	0.361755550897	13_1-1-3.txt
0.342462147203	0.160338705136	0.16290968139	0.0	0.0	0.0	0.0	0.393232630691	15_2-1-3.txt
0.327410534869	0.119914318631	0.13056806084	0.0	0.0	0.0	0.0	0.386082882534	19_1-1-3.txt
0.283409102647	0.0691320795595	0.0761817025265	0.0	0.0	0.0	0.0	0.31827081209	19_2-0-3.txt
0.424959281474	0.134167956999	0.154708460545	0.0	0.0	0.0	0.0	0.472741841267	20_2-1-2.txt
0.419765012554	0.0767363974446	0.091668197126	0.0	0.0	0.0	0.0	0.482789461634	34_2-1-3.txt
0.232076356399	0.0383981323603	0.0428389328955	0.0	0.0	0.0	0.0	0.260421614589	34_1-0-3.txt
0.425301481157	0.145270163307	0.151510612127	0.0	0.0	0.0	0.0	0.484965613474	15_1-0-2.txt
0.315480363217	0.0820356312924	0.111640065209	0.0	0.0	0.0	0.0	0.398461340829	38_1-1-3.txt
0.286209686636	0.0458682472294	0.0515123606974	0.0	0.0	0.0	0.0	0.317409338576	18_1-0-3.txt
0.186535274745	0.0544637919476	0.0560731246889	0.0	0.0	0.0	0.0	0.185633608868	14_2-0-3.txt
0.336683912726	0.04902495483	0.0532141553043	0.0	0.0	0.0	0.0	0.384748197976	7_1-0-2.txt
0.18326446431	0.0388581558258	0.0468924275948	0.0	0.0	0.0	0.0	0.213003189769	21_1-1-2.txt
0.432125590884	0.142085320631	0.160651294855	0.0	0.0	0.0	0.0	0.50292038819	21_2-0-3.txt
0.383557342118	0.128940189176	0.13678469369	0.0	0.0	0.0	0.0	0.432545134111	35_1-1-3.txt
0.303303189166	0.112090337492	0.119262169779	0.0	0.0	0.0	0.0	0.331927103614	26_1-0-3.txt
0.376420652161	0.0770835876496	0.101548795211	0.0	0.0	0.0	0.0	0.408505681758	13_1-0-2.txt
0.334629283825	0.080063281618	0.0843709568842	0.0	0.0	0.0	0.0	0.384677385477	32_2-1-2.txt
0.404358895035	0.115505621173	0.119713085439	0.0	0.0	0.0	0.0	0.442021602875	13_2-1-3.txt
0.314692084496	0.033945282225	0.0367343687622	0.0	0.0	0.0	0.0	0.335426858124	26_2-1-2.txt
0.413570079808	0.0811168925486	0.110990346719	0.0	0.0	0.0	0.0	0.500530640563	1_2-1-3.txt
0.385305891329	0.146225759707	0.148732339083	0.0	0.0	0.0	0.0	0.397375480916	33_2-0-3.txt
0.236821612762	0.0429602653737	0.044879388828	0.0	0.0	0.0	0.0	0.253111722752	12_2-0-3.txt
0.151650722068	0.0210620983613	0.0250297534451	0.0	0.0	0.0	0.0	0.208836754939	12_1-1-3.txt
0.2438416027	0.0668232661024	0.0683835360576	0.0	0.0	0.0	0.0	0.259865514605	33_1-1-2.txt
0.410564840922	0.147091197289	0.150542159966	0.0	0.0	0.0	0.0	0.434552011786	27_1-1-2.txt
