syntax_penn_tok2	syntax_penn_lex2	lexical_tok2	lexical_lem2	condition_info
0.754144388374	0.754144388374	0.302657790245	0.391842896125	time89-cond1.txt
0.686862932445	0.686862932445	0.153521037391	0.177872619997	time40-cond1.txt
0.381083589401	0.381083589401	0.0871027834576	0.101430103242	time6-cond1.txt
0.82184553874	0.82184553874	0.293466637767	0.357905895372	time111-cond1.txt
0.746778942583	0.746778942583	0.258971589617	0.310971177864	time105-cond1.txt
0.791089573057	0.791089573057	0.345933869403	0.414845218939	time54-cond1.txt
0.687575348008	0.687575348008	0.20983323128	0.305058602913	time124-cond1.txt
0.705538585358	0.705538585358	0.388520484312	0.47284547127	time75-cond1.txt
0.709110268062	0.709110268062	0.0998475714488	0.186071848057	time197-cond1.txt
0.752607139031	0.752607139031	0.139299283173	0.172072142368	time183-cond1.txt
0.751067616199	0.751067616199	0.200968581942	0.269065515578	time61-cond1.txt
0.763803899834	0.763803899834	0.178266045803	0.213033805062	time130-cond1.txt
0.674007185222	0.674007185222	0.135889973871	0.171937762776	time166-cond1.txt
0.802663433139	0.802663433139	0.19353381258	0.21869576691	time84-cond1.txt
0.70092779631	0.70092779631	0.212792272192	0.232367622078	time37-cond1.txt
0.766804467326	0.766804467326	0.193274404093	0.27808406635	time23-cond1.txt
0.772714879222	0.772714879222	0.261260095278	0.319475137773	time108-cond1.txt
0.818388713987	0.818388713987	0.274346430268	0.339788777459	time59-cond1.txt
0.736185075616	0.736185075616	0.330412176902	0.430269260543	time90-cond1.txt
0.752799507102	0.752799507102	0.245291455497	0.311628873881	time172-cond1.txt
0.768490400947	0.768490400947	0.353514466981	0.435380318267	time202-cond1.txt
0.771195503066	0.771195503066	0.21290997396	0.263651006219	time129-cond1.txt
0.60829512009	0.60829512009	0.173774120143	0.233591266029	time153-cond1.txt
0.831083041589	0.831083041589	0.222265783533	0.249320806671	time78-cond1.txt
0.601402015773	0.601402015773	0.233688713518	0.282823006704	time147-cond1.txt
0.62858453009	0.62858453009	0.252988229252	0.275950214862	time16-cond1.txt
0.719827525857	0.719827525857	0.198113219572	0.237242585948	time158-cond1.txt
0.744801514007	0.744801514007	0.309924288715	0.356672514248	time191-cond1.txt
0.809353756293	0.809353756293	0.316696255671	0.355354102936	time73-cond1.txt
0.72074454768	0.72074454768	0.206096611712	0.305582372645	time122-cond1.txt
0.697610937258	0.697610937258	0.276776974951	0.326797711684	time136-cond1.txt
0.787562218257	0.787562218257	0.334013501312	0.37122028309	time67-cond1.txt
0.777710747828	0.777710747828	0.253921568627	0.324580900298	time185-cond1.txt
0.79558745587	0.79558745587	0.221743238382	0.299826565666	time117-cond1.txt
0.667294710129	0.667294710129	0.208239520648	0.234197843642	time46-cond1.txt
0.860970257952	0.860970257952	0.283845731023	0.338823052121	time52-cond1.txt
0.606160916547	0.606160916547	0.144429427216	0.156854499466	time179-cond1.txt
0.782399191507	0.782399191507	0.353604050148	0.401469327578	time209-cond1.txt
0.693863703431	0.693863703431	0.104521265147	0.121436838965	time28-cond1.txt
0.812341788169	0.812341788169	0.255473813502	0.313582444022	time103-cond1.txt
0.68263783096	0.68263783096	0.215985410458	0.292689020953	time155-cond1.txt
0.675177391013	0.675177391013	0.478669829729	0.529114599209	time10-cond1.txt
0.70864079135	0.70864079135	0.190492930557	0.246674494231	time188-cond1.txt
0.554578551462	0.554578551462	0.136599759978	0.172020401244	time141-cond1.txt
0.683419544509	0.683419544509	0.261249746786	0.286375131869	time31-cond1.txt
0.756510691983	0.756510691983	0.33150985086	0.42849018275	time82-cond1.txt
0.70603682573	0.70603682573	0.187301389756	0.247673492005	time160-cond1.txt
0.810752906336	0.810752906336	0.192589358893	0.305208671526	time210-cond1.txt
0.766314969559	0.766314969559	0.311128104041	0.36552177838	time204-cond1.txt
0.579601997979	0.579601997979	0.220794034785	0.250820438442	time174-cond1.txt
0.82557662692	0.82557662692	0.204695336738	0.273112495997	time96-cond1.txt
0.696293670202	0.696293670202	0.199618905512	0.254331482775	time25-cond1.txt
0.856393428663	0.856393428663	0.215231362315	0.273132984662	time104-cond1.txt
0.725047859406	0.725047859406	0.263789139535	0.29842789023	time55-cond1.txt
0.661630649835	0.661630649835	0.173964202841	0.212976133945	time7-cond1.txt
0.716632819684	0.716632819684	0.295909900021	0.345621849532	time88-cond1.txt
0.729066677868	0.729066677868	0.281392284834	0.298047028629	time41-cond1.txt
0.778636720887	0.778636720887	0.258652030023	0.315514742452	time110-cond1.txt
0.661759073648	0.661759073648	0.132681406824	0.171459995549	time182-cond1.txt
0.699175087121	0.699175087121	0.267837181418	0.327815985836	time60-cond1.txt
0.77425617987	0.77425617987	0.318081727567	0.359575237416	time131-cond1.txt
0.741683044626	0.741683044626	0.303146712253	0.385879969353	time125-cond1.txt
0.752931146229	0.752931146229	0.26981809645	0.320207679891	time74-cond1.txt
0.670246297863	0.670246297863	0.164155055681	0.228144600702	time196-cond1.txt
0.611642543494	0.611642543494	0.29171789743	0.344566386705	time22-cond1.txt
0.795905781099	0.795905781099	0.271548477943	0.333754482026	time109-cond1.txt
0.78957146685	0.78957146685	0.285261084843	0.31717280455	time203-cond1.txt
0.819210437454	0.819210437454	0.378359454429	0.447369923826	time58-cond1.txt
0.773176803157	0.773176803157	0.336912071566	0.419130780661	time91-cond1.txt
0.708810257374	0.708810257374	0.292650384848	0.366000227323	time173-cond1.txt
0.661941247537	0.661941247537	0.275050114082	0.335385577812	time167-cond1.txt
0.803435338447	0.803435338447	0.297300693107	0.350653220763	time85-cond1.txt
0.752532446257	0.752532446257	0.229139827897	0.308832881644	time36-cond1.txt
0.790245645853	0.790245645853	0.300386278341	0.400473261074	time146-cond1.txt
0.680698276731	0.680698276731	0.267472491651	0.305884720912	time17-cond1.txt
0.764137508474	0.764137508474	0.349040230775	0.407389140415	time128-cond1.txt
0.666534654152	0.666534654152	0.226394523535	0.226375355914	time152-cond1.txt
0.80846658103	0.80846658103	0.281851321516	0.343762306925	time79-cond1.txt
0.746557745715	0.746557745715	0.191651224653	0.276529462484	time137-cond1.txt
0.788847098811	0.788847098811	0.272249169501	0.346808425324	time66-cond1.txt
0.665076883522	0.665076883522	0.232180840543	0.268301495989	time184-cond1.txt
0.795432128962	0.795432128962	0.165360284332	0.214176715973	time159-cond1.txt
0.774586750049	0.774586750049	0.298648691442	0.370330458954	time190-cond1.txt
0.796915689882	0.796915689882	0.219799457116	0.255498949191	time72-cond1.txt
0.816313193313	0.816313193313	0.219575613027	0.260425494007	time123-cond1.txt
0.741248409379	0.741248409379	0.319008259742	0.383271058907	time208-cond1.txt
0.808346193185	0.808346193185	0.358059218608	0.425882635888	time53-cond1.txt
0.736292149248	0.736292149248	0.273818378899	0.39590765242	time178-cond1.txt
0.613239195074	0.613239195074	0.192322232561	0.216756156532	time29-cond1.txt
0.793046661027	0.793046661027	0.225150174576	0.317942336678	time102-cond1.txt
0.822293711388	0.822293711388	0.347047183599	0.395479187958	time116-cond1.txt
0.730592863293	0.730592863293	0.212181576302	0.257454594972	time47-cond1.txt
0.588182479203	0.588182479203	0.268026395314	0.272974993103	time1-cond1.txt
0.771047081568	0.771047081568	0.270238617605	0.312177210865	time11-cond1.txt
0.695804608911	0.695804608911	0.210050534097	0.310029911794	time189-cond1.txt
0.838723512203	0.838723512203	0.322916520743	0.406335439615	time140-cond1.txt
0.626766606874	0.626766606874	0.190000170703	0.221736030972	time154-cond1.txt
0.733917815864	0.733917815864	0.285048495774	0.353731957661	time175-cond1.txt
0.770870890379	0.770870890379	0.234968177994	0.292415756749	time97-cond1.txt
0.785439580005	0.785439580005	0.188816221146	0.229782724442	time205-cond1.txt
0.753507493401	0.753507493401	0.287047564637	0.324766569507	time24-cond1.txt
0.73600643828	0.73600643828	0.287099005806	0.347867550664	time30-cond1.txt
0.728054404044	0.728054404044	0.254747713183	0.330345195031	time83-cond1.txt
0.732646986596	0.732646986596	0.16783013733	0.233986345857	time161-cond1.txt
0.772113221486	0.772113221486	0.211660516893	0.287185023661	time126-cond1.txt
0.679367252453	0.679367252453	0.215394118426	0.30380975004	time195-cond1.txt
0.829639293354	0.829639293354	0.325402648821	0.398316137662	time77-cond1.txt
0.853182474224	0.853182474224	0.289083562619	0.361330041929	time63-cond1.txt
0.801970700985	0.801970700985	0.258844167997	0.361083241755	time148-cond1.txt
0.746357295803	0.746357295803	0.154266624185	0.20368090906	time181-cond1.txt
0.774236969524	0.774236969524	0.301660540899	0.331689450641	time19-cond1.txt
0.801678790296	0.801678790296	0.307129505168	0.4112563961	time132-cond1.txt
0.713412301288	0.713412301288	0.248875090054	0.32614287853	time169-cond1.txt
0.714964395249	0.714964395249	0.31329474795	0.356539962251	time42-cond1.txt
0.496026041038	0.496026041038	0.212168687361	0.226963016593	time4-cond1.txt
0.784667511802	0.784667511802	0.266744689515	0.325365328537	time113-cond1.txt
0.77890698578	0.77890698578	0.179677147932	0.207330955915	time38-cond1.txt
0.674415993328	0.674415993328	0.266809971943	0.327076892733	time107-cond1.txt
0.861562288902	0.861562288902	0.22896100863	0.319776007816	time56-cond1.txt
0.633056186397	0.633056186397	0.150354547037	0.205914345892	time198-cond1.txt
0.811238038224	0.811238038224	0.308318189218	0.334589901552	time151-cond1.txt
0.817023152459	0.817023152459	0.244073278562	0.299501115614	time145-cond1.txt
0.551136192581	0.551136192581	0.18912891015	0.215297775507	time14-cond1.txt
0.505513592348	0.505513592348	0.460024148045	0.464720066761	time9-cond1.txt
0.82899080196	0.82899080196	0.268727101733	0.334317171957	time86-cond1.txt
0.73400834014	0.73400834014	0.262142954578	0.341357941028	time164-cond1.txt
0.636504398459	0.636504398459	0.171238424527	0.225499215131	time35-cond1.txt
0.809166795705	0.809166795705	0.311041087442	0.363836407543	time21-cond1.txt
0.742857412421	0.742857412421	0.230738277532	0.343709027784	time170-cond1.txt
0.81391827821	0.81391827821	0.388093411728	0.463816068804	time92-cond1.txt
0.786750699516	0.786750699516	0.159313732384	0.249089697751	time200-cond1.txt
0.780658192967	0.780658192967	0.250196655238	0.314649530939	time115-cond1.txt
0.61420202383	0.61420202383	0.160366474827	0.219323820365	time2-cond1.txt
0.784394277582	0.784394277582	0.266770116543	0.325562826883	time44-cond1.txt
0.836999451996	0.836999451996	0.214643387658	0.278329250207	time99-cond1.txt
0.756251879437	0.756251879437	0.306135027771	0.35216354073	time50-cond1.txt
0.732891017676	0.732891017676	0.22411517059	0.267586636586	time101-cond1.txt
0.818358892354	0.818358892354	0.365849910089	0.402430855353	time71-cond1.txt
0.81270019648	0.81270019648	0.223875816792	0.292359466752	time193-cond1.txt
0.754123200375	0.754123200375	0.200984319799	0.308125837327	time120-cond1.txt
0.832530138838	0.832530138838	0.274717548998	0.325331700573	time134-cond1.txt
0.737313549209	0.737313549209	0.188405294563	0.222874212114	time187-cond1.txt
0.824545883282	0.824545883282	0.391945295929	0.439932461737	time65-cond1.txt
0.695075719927	0.695075719927	0.250696175217	0.308017358133	time118-cond1.txt
0.638932589145	0.638932589145	0.216141046432	0.253369473575	time33-cond1.txt
0.703996313473	0.703996313473	0.230314685432	0.262097106115	time162-cond1.txt
0.761829849069	0.761829849069	0.232598456112	0.271754791585	time49-cond1.txt
0.740765691131	0.740765691131	0.225364815224	0.294484957946	time80-cond1.txt
0.840767059288	0.840767059288	0.230318863959	0.267234458483	time206-cond1.txt
0.839665350692	0.839665350692	0.165509741453	0.199772788922	time94-cond1.txt
0.612816708716	0.612816708716	0.163781174352	0.309609128261	time176-cond1.txt
0.714541014919	0.714541014919	0.180909879184	0.231819414283	time27-cond1.txt
0.731051401413	0.731051401413	0.228281849469	0.284997876861	time157-cond1.txt
0.493394328978	0.493394328978	0.11439718006	0.121659307639	time12-cond1.txt
0.76125582839	0.76125582839	0.267649250676	0.324949230649	time139-cond1.txt
0.880061143097	0.880061143097	0.275322518929	0.334399131599	time68-cond1.txt
0.739798203274	0.739798203274	0.241788858729	0.320850083427	time143-cond1.txt
0.679811287342	0.679811287342	0.173840374604	0.232531541093	time62-cond1.txt
0.766733347201	0.766733347201	0.112116376043	0.165569551813	time149-cond1.txt
0.700466660298	0.700466660298	0.143918415626	0.207613699634	time180-cond1.txt
0.564083490096	0.564083490096	0.233769917362	0.261726738288	time18-cond1.txt
0.755678470817	0.755678470817	0.259505326688	0.338223236689	time133-cond1.txt
0.779649820593	0.779649820593	0.228105504074	0.316527371811	time127-cond1.txt
0.677230619052	0.677230619052	0.280499019485	0.365535272825	time194-cond1.txt
0.724473469209	0.724473469209	0.345535563767	0.388318015596	time76-cond1.txt
0.774842603192	0.774842603192	0.348673724583	0.396947694461	time106-cond1.txt
0.789491361282	0.789491361282	0.367495905215	0.435294004524	time57-cond1.txt
0.692663838632	0.692663838632	0.181044758378	0.190646793133	time5-cond1.txt
0.703109486085	0.703109486085	0.204767501881	0.273958217797	time168-cond1.txt
0.828017494639	0.828017494639	0.261652021055	0.299026749486	time43-cond1.txt
0.841807555778	0.841807555778	0.4179931427	0.439440102197	time112-cond1.txt
0.632292946807	0.632292946807	0.300664483895	0.339297049495	time39-cond1.txt
0.762972796132	0.762972796132	0.304609970721	0.402287604214	time144-cond1.txt
0.681737334914	0.681737334914	0.326685449083	0.375075579481	time15-cond1.txt
0.741266534595	0.741266534595	0.246730858704	0.303580330307	time199-cond1.txt
0.743939153965	0.743939153965	0.271258750171	0.371641547056	time150-cond1.txt
0.723184258651	0.723184258651	0.177328263267	0.210829827367	time20-cond1.txt
0.771131747815	0.771131747815	0.166130926993	0.251810486881	time201-cond1.txt
0.779524462505	0.779524462505	0.344762607751	0.411363732376	time171-cond1.txt
0.797584049701	0.797584049701	0.330152356376	0.41155223303	time93-cond1.txt
0.71807547982	0.71807547982	0.257260035848	0.304463136218	time87-cond1.txt
0.755154352562	0.755154352562	0.19149868275	0.221302010465	time165-cond1.txt
0.697139491355	0.697139491355	0.237139952653	0.245295171064	time8-cond1.txt
0.744803155749	0.744803155749	0.260304611112	0.298126037154	time34-cond1.txt
0.741709228452	0.741709228452	0.307238149057	0.384990083998	time98-cond1.txt
0.842186908517	0.842186908517	0.398349469592	0.430249327038	time51-cond1.txt
0.719258989551	0.719258989551	0.19193402402	0.216516572677	time100-cond1.txt
0.703293345949	0.703293345949	0.334913008938	0.399279284101	time114-cond1.txt
0.691704459916	0.691704459916	0.211853524115	0.278236801869	time45-cond1.txt
0.699353458481	0.699353458481	0.323434065708	0.385120361492	time3-cond1.txt
0.758698520611	0.758698520611	0.215284938214	0.256326650575	time135-cond1.txt
0.555084216574	0.555084216574	0.176071880746	0.207971312906	time186-cond1.txt
0.760031604146	0.760031604146	0.263003885054	0.315401519471	time64-cond1.txt
0.776500039229	0.776500039229	0.191130352003	0.218254970425	time70-cond1.txt
0.695120144694	0.695120144694	0.15256516447	0.258088455763	time192-cond1.txt
0.735804911037	0.735804911037	0.284534975487	0.368052883234	time121-cond1.txt
0.837388732695	0.837388732695	0.281816441105	0.335199132566	time95-cond1.txt
0.441721642831	0.441721642831	0.12695275278	0.159359846918	time177-cond1.txt
0.691722848102	0.691722848102	0.18892581297	0.233575008966	time207-cond1.txt
0.780051020606	0.780051020606	0.35271960654	0.368508562714	time26-cond1.txt
0.684391367785	0.684391367785	0.238673835302	0.302759912874	time119-cond1.txt
0.78070754285	0.78070754285	0.232898499156	0.268667140369	time32-cond1.txt
0.705941920055	0.705941920055	0.229376710577	0.321235164461	time163-cond1.txt
0.807138409573	0.807138409573	0.302578546794	0.332888184246	time48-cond1.txt
0.754293141007	0.754293141007	0.353934007978	0.397369474642	time81-cond1.txt
0.68956650566	0.68956650566	0.307410796736	0.348596103829	time13-cond1.txt
0.709116990686	0.709116990686	0.357527353935	0.4417953986	time138-cond1.txt
0.821629119593	0.821629119593	0.385698157169	0.437221109247	time69-cond1.txt
0.778435425077	0.778435425077	0.3178386297	0.399266993189	time142-cond1.txt
0.715291780017	0.715291780017	0.184309487331	0.266461293147	time156-cond1.txt
